4392 51 58 1
1336 10 18 1
1320 4 5 6
1297 9 25 1
1277 14 22 1
1276 9 17 1
1270 1 18 2
1267 15 23 1
1242 1 16 2
1241 1 11 2
1237 8 16 1
1237 8 24 1
1236 14 30 1
1228 15 31 1
1204 12 18 2
1204 7 6 4
1184 12 27 2
1182 12 22 2
1182 12 29 2
1180 2 11 3
1171 7 5 4
1156 26 19 3
1153 26 33 3
1148 12 6 2
1145 3 11 5
1124 2 20 3
1123 26 35 3
1122 26 17 3
1119 26 44 3
1119 26 53 3
1116 26 40 3
1091 2 29 3
1091 2 38 3
1089 3 19 5
1024 3 27 5
1022 2 47 3
1007 4 13 6
990 3 35 5
990 4 11 6
987 3 43 5
516 51 59 1
440 4 6 6
216 10 26 1
201 3 51 5
170 4 12 6
160 51 60 1
157 26 12 3
157 26 5 3
152 12 2 2
152 3 12 5
152 3 21 5
152 3 30 5
147 3 2 5
147 3 39 5
118 3 4 5
108 3 59 5
97 0 1 4
72 26 62 3
64 5 13 4
62 0 8 4
62 18 24 2
62 18 28 2
62 18 33 2
62 18 35 2
62 2 16 3
62 2 9 3
62 26 8 3
61 4 3 6
60 7 15 4
53 3 5 5
53 3 6 5
53 7 4 4
44 10 19 1
41 14 23 1
41 9 16 1
35 58 41 2
35 58 43 2
35 58 48 2
35 58 49 3
35 58 51 3
35 58 52 2
33 11 18 3
33 11 18 5
33 11 25 3
33 11 25 5
33 19 11 5
33 19 18 5
33 20 11 3
33 27 11 5
33 27 18 5
33 29 11 3
33 35 11 5
33 5 4 4
33 5 6 6
33 58 37 3
33 58 44 3
32 0 16 4
32 11 19 5
32 11 32 3
32 11 32 5
32 17 25 1
32 27 19 5
32 29 19 2
32 3 10 5
32 3 17 5
32 3 24 5
32 35 19 5
32 58 30 3
31 11 1 2
31 11 17 2
31 11 2 3
31 11 20 3
31 11 20 5
31 11 21 2
31 11 27 5
31 11 28 2
31 11 29 3
31 11 29 5
31 11 3 5
31 11 35 5
31 11 38 3
31 11 38 5
31 11 4 6
31 11 43 5
31 11 5 2
31 17 24 3
31 17 26 3
31 17 35 3
31 17 44 3
31 17 53 3
31 18 1 2
31 18 12 2
31 19 16 5
31 19 17 5
31 19 20 5
31 19 21 5
31 19 22 5
31 19 23 5
31 19 26 3
31 19 27 5
31 19 28 3
31 19 28 5
31 19 3 5
31 19 33 3
31 19 35 5
31 19 43 5
31 20 13 3
31 20 2 3
31 20 27 3
31 20 29 3
31 20 34 3
31 20 38 3
31 22 12 2
31 22 28 2
31 22 37 2
31 22 39 2
31 22 5 2
31 27 12 2
31 27 13 5
31 27 17 2
31 27 20 5
31 27 21 2
31 27 28 5
31 27 3 5
31 27 33 2
31 27 34 5
31 27 35 5
31 27 36 5
31 27 37 2
31 27 42 2
31 27 43 5
31 27 44 2
31 27 45 5
31 29 12 2
31 29 2 3
31 29 20 3
31 29 22 3
31 29 23 2
31 29 35 2
31 29 36 3
31 29 38 3
31 29 39 2
31 29 43 3
31 29 44 2
31 29 46 2
31 33 19 3
31 35 17 3
31 35 26 3
31 35 27 5
31 35 28 3
31 35 28 5
31 35 3 5
31 35 34 5
31 35 36 5
31 35 37 5
31 35 42 3
31 35 42 5
31 35 43 5
31 35 44 3
31 35 44 5
31 35 53 3
31 35 53 5
31 44 17 3
31 44 26 3
31 44 35 3
31 44 37 3
31 44 53 3
31 5 4 6
31 5 6 4
31 5 7 4
31 58 23 3
31 6 12 2
31 6 21 2
31 6 23 2
31 6 5 4
31 6 7 4
31 7 23 4
30 16 1 2
30 16 24 1
30 16 33 2
30 19 37 3
30 19 37 5
30 19 40 3
30 22 30 1
30 24 32 1
30 27 29 5
30 27 30 5
30 29 50 3
30 33 24 3
30 33 26 3
30 33 40 3
30 33 42 3
30 35 21 3
30 35 21 5
30 35 38 5
30 38 11 3
30 44 30 3
29 11 18 6
29 11 20 6
29 11 47 3
29 11 47 5
29 19 46 3
29 19 46 5
29 20 41 3
29 20 47 3
29 23 31 1
29 25 33 1
29 27 31 5
29 27 41 5
29 27 54 5
29 29 47 3
29 29 57 3
29 31 39 1
29 35 32 5
29 35 33 5
29 44 23 3
28 13 21 6
28 13 5 6
28 19 55 3
28 19 55 5
28 30 38 1
28 35 39 5
28 38 2 3
28 38 20 3
28 38 29 3
28 38 31 3
28 38 45 3
28 38 47 3
28 40 19 3
28 40 33 3
28 40 49 3
28 47 11 3
28 53 17 3
28 53 26 3
28 53 35 3
28 53 44 3
28 53 46 3
28 53 60 3
28 53 62 3
28 58 42 4
28 58 42 5
28 58 49 5
28 58 50 4
28 58 50 5
28 58 51 5
28 58 57 4
28 58 57 5
28 58 59 4
28 58 59 5
27 20 48 3
27 27 48 5
27 40 26 3
27 47 38 3
27 47 54 3
27 53 39 3
27 58 37 5
27 58 44 5
26 13 6 6
26 38 52 3
26 43 11 5
26 43 19 5
26 47 2 3
26 47 20 3
26 47 29 3
26 58 30 5
25 13 20 6
25 13 22 6
25 13 4 6
25 43 22 5
25 43 25 5
25 43 27 5
25 43 29 5
25 43 3 5
25 43 34 5
25 43 35 5
25 43 36 5
25 43 42 5
25 43 44 5
25 43 45 5
25 43 50 5
25 43 52 5
25 5 13 6
25 58 23 5
25 6 13 6
24 43 16 5
24 43 46 5
24 43 57 5
23 43 47 5
10 5 21 4
10 5 29 4
10 5 37 4
10 5 45 4
10 5 53 4
6 11 19 6
6 6 7 6
5 20 6 3
5 27 6 5
3 11 51 5
3 19 51 5
3 27 51 5
3 35 51 5
3 38 59 3
3 43 51 5
3 44 51 3
2 17 62 3
2 18 3 2
2 25 32 1
2 25 34 1
2 27 63 5
2 31 38 1
2 35 62 3
2 35 62 5
2 40 58 3
2 44 62 3
2 58 40 3
2 58 40 5
2 58 56 4
2 58 56 5
1 11 3 6
1 16 25 1
1 18 25 1
1 22 31 1
1 22 7 2
1 23 30 1
1 24 33 1
1 3 7 5
1 30 37 1
1 30 39 1
1 35 49 3
1 35 49 5
1 43 40 5
1 43 41 5
1 5 3 4
1 58 34 4
1 58 34 5
1 58 60 4
1 58 60 5
1 7 3 4
1 7 31 4
